[gd_scene load_steps=12 format=3 uid="uid://e2ax0gqcoiuo"]

[ext_resource type="Script" path="res://grid/GridColliderGenerator.gd" id="1_f15ms"]
[ext_resource type="PackedScene" uid="uid://qthxdvn20xn2" path="res://grid/arean_edge.tscn" id="2_3ikw5"]
[ext_resource type="PackedScene" uid="uid://bl8lmuhqi2nk8" path="res://card/Hand.tscn" id="2_isvbf"]
[ext_resource type="PackedScene" uid="uid://06nd072o273d" path="res://assets/raw/TerrainB.gltf" id="3_m1atw"]
[ext_resource type="PackedScene" uid="uid://bmyw0m8cusmsg" path="res://scene/Tree.tscn" id="5_4kcnr"]

[sub_resource type="StandardMaterial3D" id="StandardMaterial3D_jc28x"]
albedo_color = Color(0.458824, 0.360784, 0.231373, 1)

[sub_resource type="PlaneMesh" id="PlaneMesh_s7phs"]
material = SubResource("StandardMaterial3D_jc28x")
size = Vector2(10.5, 13.5)

[sub_resource type="PhysicalSkyMaterial" id="PhysicalSkyMaterial_47f0x"]
ground_color = Color(0.101961, 0.0901961, 0.0392157, 1)
energy_multiplier = 5.0

[sub_resource type="Sky" id="Sky_w71mt"]
sky_material = SubResource("PhysicalSkyMaterial_47f0x")

[sub_resource type="Environment" id="Environment_owotf"]
background_mode = 2
sky = SubResource("Sky_w71mt")
ssil_enabled = true
ssil_radius = 2.0
glow_levels/2 = 1.0
glow_levels/5 = 0.0
glow_intensity = 1.4
glow_strength = 1.2
glow_hdr_threshold = 0.5

[sub_resource type="CameraAttributesPractical" id="CameraAttributesPractical_4lxxy"]

[node name="Battle" type="Node3D"]

[node name="Field area" type="MeshInstance3D" parent="."]
transform = Transform3D(1.11883, 0, 0, 0, 1, 0, 0, 0, 1.06213, 0, 0, 0)
mesh = SubResource("PlaneMesh_s7phs")

[node name="GridManager" type="Node3D" parent="."]
script = ExtResource("1_f15ms")
height = 9
width = 7

[node name="Camera3D" type="Camera3D" parent="."]
transform = Transform3D(1, 0, 0, 0, 0.608762, 0.793354, 0, -0.793354, 0.608762, 0, 9, 11)
current = true
fov = 70.0
near = 0.01
far = 200.0

[node name="Hand" parent="Camera3D" instance=ExtResource("2_isvbf")]
transform = Transform3D(1, 0, 0, 0, 1, 0, 0, 0, 1, 0, -0.195, -0.34)

[node name="DirectionalLight3D" type="DirectionalLight3D" parent="."]
transform = Transform3D(0.636246, 0.183667, -0.749304, 0.632074, 0.43279, 0.642788, 0.442351, -0.882586, 0.15927, -7, 4, 0)
shadow_enabled = true
shadow_blur = 1.1
directional_shadow_blend_splits = true
directional_shadow_fade_start = 0.5

[node name="AreanEdge" parent="." instance=ExtResource("2_3ikw5")]
transform = Transform3D(1, 0, 0, 0, 1, 0, 0, 0, 1, 0, 0.543506, 0)

[node name="TerrainB" parent="." instance=ExtResource("3_m1atw")]

[node name="WorldEnvironment" type="WorldEnvironment" parent="."]
environment = SubResource("Environment_owotf")
camera_attributes = SubResource("CameraAttributesPractical_4lxxy")

[node name="Trees" type="Node3D" parent="."]

[node name="Tree" parent="Trees" instance=ExtResource("5_4kcnr")]
transform = Transform3D(1, 0, 0, 0, 1, 0, 0, 0, 1, -40.6686, -14.9442, 6.10366)

[node name="Tree2" parent="Trees" instance=ExtResource("5_4kcnr")]
transform = Transform3D(0.703519, 0, -0.710677, 0, 1, 0, 0.710677, 0, 0.703519, -42.5444, -14.8704, 4.23413)

[node name="Tree3" parent="Trees" instance=ExtResource("5_4kcnr")]
transform = Transform3D(0.314053, 0, -1.04899, 0, 1.09499, 0, 1.04899, 0, 0.314053, -39.0754, -14.4788, 2.5877)

[node name="Tree4" parent="Trees" instance=ExtResource("5_4kcnr")]
transform = Transform3D(0.286809, 0, -0.957988, 0, 1, 0, 0.957988, 0, 0.286809, -37.3309, -14.9265, 8.09678)

[node name="Tree5" parent="Trees" instance=ExtResource("5_4kcnr")]
transform = Transform3D(-0.400781, 0, -0.916174, 0, 1, 0, 0.916174, 0, -0.400781, -35.0352, -14.1077, 3.3647)

[node name="Tree6" parent="Trees" instance=ExtResource("5_4kcnr")]
transform = Transform3D(-0.400781, 0, -0.916174, 0, 1, 0, 0.916174, 0, -0.400781, -40.5949, -14.2319, -0.816666)

[node name="Tree7" parent="Trees" instance=ExtResource("5_4kcnr")]
transform = Transform3D(-0.458058, 0, -1.04711, 0, 1.14291, 0, 1.04711, 0, -0.458058, -37.2156, -13.6349, -2.37358)

[node name="Tree8" parent="Trees" instance=ExtResource("5_4kcnr")]
transform = Transform3D(0.802432, 0, 0.596743, 0, 1, 0, -0.596743, 0, 0.802432, -41.0939, -15.4332, 10.304)

[node name="Tree9" parent="Trees" instance=ExtResource("5_4kcnr")]
transform = Transform3D(0.992682, 0, 0.738225, 0, 1.23709, 0, -0.738225, 0, 0.992682, -45.1118, -15.4638, 8.57306)

[node name="Tree10" parent="Trees" instance=ExtResource("5_4kcnr")]
transform = Transform3D(-0.486561, 0, 1.12481, 0, 1.22553, 0, -1.12481, 0, -0.486561, -42.5331, -15.2533, 7.9001)

[node name="Tree11" parent="Trees" instance=ExtResource("5_4kcnr")]
transform = Transform3D(-0.904604, 0, 0.426253, 0, 1, 0, -0.426253, 0, -0.904604, -43.9897, -15.1279, 5.80286)

[node name="Tree12" parent="Trees" instance=ExtResource("5_4kcnr")]
transform = Transform3D(-1.047, 0, 0.493352, 0, 1.15742, 0, -0.493352, 0, -1.047, -43.3616, -14.6907, 1.62132)

[node name="Tree13" parent="Trees" instance=ExtResource("5_4kcnr")]
transform = Transform3D(-0.528512, 0, -0.848926, 0, 1, 0, 0.848926, 0, -0.528512, -37.7194, -14.6287, 4.91057)

[node name="Tree14" parent="Trees" instance=ExtResource("5_4kcnr")]
transform = Transform3D(-0.462504, 0, -0.742899, 0, 0.875105, 0, 0.742899, 0, -0.462504, -35.4476, -13.8098, 0.739552)

[node name="Tree15" parent="Trees" instance=ExtResource("5_4kcnr")]
transform = Transform3D(1.04436, 0, -0.105069, 0, 1.04963, 0, 0.105069, 0, 1.04436, -37.9083, -14.0428, -0.228534)

[node name="Tree16" parent="Trees" instance=ExtResource("5_4kcnr")]
transform = Transform3D(-0.94425, 0, -0.566735, 0, 1.10127, 0, 0.566735, 0, -0.94425, -40.7607, -14.5488, 2.19157)

[node name="Tree17" parent="Trees" instance=ExtResource("5_4kcnr")]
transform = Transform3D(-0.602162, 0, -1.32163, 0, 1.45235, 0, 1.32163, 0, -0.602162, -39.3754, -15.0122, 7.69655)

[node name="Tree18" parent="Trees" instance=ExtResource("5_4kcnr")]
transform = Transform3D(-0.138775, 0, -0.990324, 0, 1, 0, 0.990324, 0, -0.138775, -35.4622, -14.525, 5.95995)

[node name="Tree19" parent="Trees" instance=ExtResource("5_4kcnr")]
transform = Transform3D(-0.955835, 0, 0.372376, 0, 1.02581, 0, -0.372376, 0, -0.955835, -36.8244, -14.207, 2.1276)

[node name="Tree20" parent="Trees" instance=ExtResource("5_4kcnr")]
transform = Transform3D(1, 0, 0, 0, 1, 0, 0, 0, 1, -49.6174, -15.0675, -1.14722)

[node name="Tree21" parent="Trees" instance=ExtResource("5_4kcnr")]
transform = Transform3D(0.703519, 0, -0.710677, 0, 1, 0, 0.710677, 0, 0.703519, -51.4932, -15.1446, -3.01676)

[node name="Tree22" parent="Trees" instance=ExtResource("5_4kcnr")]
transform = Transform3D(0.314053, 0, -1.04899, 0, 1.09499, 0, 1.04899, 0, 0.314053, -48.0243, -14.9092, -4.66318)

[node name="Tree23" parent="Trees" instance=ExtResource("5_4kcnr")]
transform = Transform3D(0.286809, 0, -0.957988, 0, 1, 0, 0.957988, 0, 0.286809, -46.2797, -14.9242, 0.845891)

[node name="Tree24" parent="Trees" instance=ExtResource("5_4kcnr")]
transform = Transform3D(-0.400781, 0, -0.916174, 0, 1, 0, 0.916174, 0, -0.400781, -43.984, -14.4262, -3.88618)

[node name="Tree25" parent="Trees" instance=ExtResource("5_4kcnr")]
transform = Transform3D(-0.400781, 0, -0.916174, 0, 1, 0, 0.916174, 0, -0.400781, -49.5437, -14.9404, -8.06755)

[node name="Tree26" parent="Trees" instance=ExtResource("5_4kcnr")]
transform = Transform3D(-0.458058, 0, -1.04711, 0, 1.14291, 0, 1.04711, 0, -0.458058, -46.1645, -14.5742, -9.62446)

[node name="Tree27" parent="Trees" instance=ExtResource("5_4kcnr")]
transform = Transform3D(0.802432, 0, 0.596743, 0, 1, 0, -0.596743, 0, 0.802432, -50.0428, -15.165, 3.0531)

[node name="Tree28" parent="Trees" instance=ExtResource("5_4kcnr")]
transform = Transform3D(0.992682, 0, 0.738225, 0, 1.23709, 0, -0.738225, 0, 0.992682, -54.0607, -15.1568, 1.32217)

[node name="Tree29" parent="Trees" instance=ExtResource("5_4kcnr")]
transform = Transform3D(-0.486561, 0, 1.12481, 0, 1.22553, 0, -1.12481, 0, -0.486561, -51.482, -15.2066, 0.649214)

[node name="Tree30" parent="Trees" instance=ExtResource("5_4kcnr")]
transform = Transform3D(-0.904604, 0, 0.426253, 0, 1, 0, -0.426253, 0, -0.904604, -52.9386, -15.1978, -1.44802)

[node name="Tree31" parent="Trees" instance=ExtResource("5_4kcnr")]
transform = Transform3D(-1.047, 0, 0.493352, 0, 1.15742, 0, -0.493352, 0, -1.047, -52.3105, -15.1466, -5.62957)

[node name="Tree32" parent="Trees" instance=ExtResource("5_4kcnr")]
transform = Transform3D(-0.528512, 0, -0.848926, 0, 1, 0, 0.848926, 0, -0.528512, -46.6683, -14.8304, -2.34032)

[node name="Tree33" parent="Trees" instance=ExtResource("5_4kcnr")]
transform = Transform3D(-0.462504, 0, -0.742899, 0, 0.875105, 0, 0.742899, 0, -0.462504, -44.3965, -14.416, -6.51133)

[node name="Tree34" parent="Trees" instance=ExtResource("5_4kcnr")]
transform = Transform3D(1.04436, 0, -0.105069, 0, 1.04963, 0, 0.105069, 0, 1.04436, -46.8572, -14.7359, -7.47942)

[node name="Tree35" parent="Trees" instance=ExtResource("5_4kcnr")]
transform = Transform3D(-0.94425, 0, -0.566735, 0, 1.10127, 0, 0.566735, 0, -0.94425, -49.7095, -15.0005, -5.05931)

[node name="Tree36" parent="Trees" instance=ExtResource("5_4kcnr")]
transform = Transform3D(-0.602162, 0, -1.32163, 0, 1.45235, 0, 1.32163, 0, -0.602162, -48.3243, -15.0096, 0.445668)

[node name="Tree37" parent="Trees" instance=ExtResource("5_4kcnr")]
transform = Transform3D(-0.138775, 0, -0.990324, 0, 1, 0, 0.990324, 0, -0.138775, -44.4111, -14.5518, -1.29094)

[node name="Tree38" parent="Trees" instance=ExtResource("5_4kcnr")]
transform = Transform3D(-0.955835, 0, 0.372376, 0, 1.02581, 0, -0.372376, 0, -0.955835, -45.7733, -14.6402, -5.12329)

[node name="Tree39" parent="Trees" instance=ExtResource("5_4kcnr")]
transform = Transform3D(-0.924858, 0, -0.380312, 0, 1, 0, 0.380312, 0, -0.924858, -50.5641, -15.5215, 8.16554)

[node name="Tree40" parent="Trees" instance=ExtResource("5_4kcnr")]
transform = Transform3D(-0.920934, 0, 0.389719, 0, 1, 0, -0.389719, 0, -0.920934, -48.1183, -15.5879, 9.1812)

[node name="Tree41" parent="Trees" instance=ExtResource("5_4kcnr")]
transform = Transform3D(-0.689397, 0, 0.850727, 0, 1.09499, 0, -0.850727, 0, -0.689397, -50.7004, -15.916, 12.0232)

[node name="Tree42" parent="Trees" instance=ExtResource("5_4kcnr")]
transform = Transform3D(-0.629592, 0, 0.776926, 0, 1, 0, -0.776926, 0, -0.629592, -54.409, -15.4723, 7.59156)

[node name="Tree43" parent="Trees" instance=ExtResource("5_4kcnr")]
transform = Transform3D(0.0222337, 0, 0.999753, 0, 1, 0, -0.999753, 0, 0.0222337, -54.7326, -15.912, 12.8411)

[node name="Tree44" parent="Trees" instance=ExtResource("5_4kcnr")]
transform = Transform3D(0.0222337, 0, 0.999753, 0, 1, 0, -0.999753, 0, 0.0222337, -48.0004, -16.1089, 14.5939)

[node name="Tree45" parent="Trees" instance=ExtResource("5_4kcnr")]
transform = Transform3D(0.0254113, 0, 1.14263, 0, 1.14291, 0, -1.14263, 0, 0.0254113, -50.5337, -16.4427, 17.319)

[node name="Tree46" parent="Trees" instance=ExtResource("5_4kcnr")]
transform = Transform3D(-0.515188, 0, -0.857077, 0, 1, 0, 0.857077, 0, -0.515188, -51.7682, -15.2793, 4.11908)

[node name="Tree47" parent="Trees" instance=ExtResource("5_4kcnr")]
transform = Transform3D(-0.637334, 0, -1.06028, 0, 1.23709, 0, 1.06028, 0, -0.637334, -47.3939, -15.1768, 4.19188)

[node name="Tree48" parent="Trees" instance=ExtResource("5_4kcnr")]
transform = Transform3D(0.877777, 0, -0.855242, 0, 1.22553, 0, 0.855242, 0, 0.877777, -49.5229, -15.2984, 5.79497)

[node name="Tree49" parent="Trees" instance=ExtResource("5_4kcnr")]
transform = Transform3D(0.99874, 0, -0.0501921, 0, 1, 0, 0.0501921, 0, 0.99874, -47.3781, -15.37, 7.18066)

[node name="Tree50" parent="Trees" instance=ExtResource("5_4kcnr")]
transform = Transform3D(1.15596, 0, -0.0580933, 0, 1.15742, 0, 0.0580933, 0, 1.15596, -46.3687, -15.7482, 11.2869)

[node name="Tree51" parent="Trees" instance=ExtResource("5_4kcnr")]
transform = Transform3D(0.165943, 0, 0.986135, 0, 1, 0, -0.986135, 0, 0.165943, -52.8379, -15.7821, 10.3906)

[node name="Tree52" parent="Trees" instance=ExtResource("5_4kcnr")]
transform = Transform3D(0.145217, 0, 0.862972, 0, 0.875105, 0, -0.862972, 0, 0.145217, -53.3528, -16.2516, 15.1122)

[node name="Tree53" parent="Trees" instance=ExtResource("5_4kcnr")]
transform = Transform3D(-1.00584, 0, -0.300007, 0, 1.04963, 0, 0.300007, 0, -1.00584, -50.7087, -16.2174, 15.0717)

[node name="Tree54" parent="Trees" instance=ExtResource("5_4kcnr")]
transform = Transform3D(0.657761, 0, 0.883259, 0, 1.10127, 0, -0.883259, 0, 0.657761, -48.9911, -15.859, 11.7486)

[node name="Tree55" parent="Trees" instance=ExtResource("5_4kcnr")]
transform = Transform3D(0.0542833, 0, 1.45133, 0, 1.45234, 0, -1.45133, 0, 0.0542833, -52.3659, -15.457, 7.18415)

[node name="Tree56" parent="Trees" instance=ExtResource("5_4kcnr")]
transform = Transform3D(-0.248284, 0, 0.968687, 0, 1, 0, -0.968687, 0, -0.248284, -55.3246, -15.6041, 10.2785)

[node name="Tree57" parent="Trees" instance=ExtResource("5_4kcnr")]
transform = Transform3D(1.02563, 0, 0.0191202, 0, 1.02581, 0, -0.0191202, 0, 1.02563, -52.6073, -16.0688, 13.3048)

[node name="Tree58" parent="Trees" instance=ExtResource("5_4kcnr")]
transform = Transform3D(-0.924858, 0, -0.380312, 0, 1, 0, 0.380312, 0, -0.924858, -41.9365, -15.9262, 15.0034)

[node name="Tree59" parent="Trees" instance=ExtResource("5_4kcnr")]
transform = Transform3D(-0.920934, 0, 0.389719, 0, 1, 0, -0.389719, 0, -0.920934, -39.4906, -15.9351, 16.0191)

[node name="Tree60" parent="Trees" instance=ExtResource("5_4kcnr")]
transform = Transform3D(-0.689397, 0, 0.850727, 0, 1.09499, 0, -0.850727, 0, -0.689397, -42.0728, -16.2828, 18.861)

[node name="Tree61" parent="Trees" instance=ExtResource("5_4kcnr")]
transform = Transform3D(-0.629592, 0, 0.776926, 0, 1, 0, -0.776926, 0, -0.629592, -45.7814, -16.0153, 14.4294)

[node name="Tree62" parent="Trees" instance=ExtResource("5_4kcnr")]
transform = Transform3D(0.0222337, 0, 0.999753, 0, 1, 0, -0.999753, 0, 0.0222337, -46.1049, -16.4988, 19.679)

[node name="Tree63" parent="Trees" instance=ExtResource("5_4kcnr")]
transform = Transform3D(0.0222337, 0, 0.999753, 0, 1, 0, -0.999753, 0, 0.0222337, -39.3728, -16.3832, 21.4317)

[node name="Tree64" parent="Trees" instance=ExtResource("5_4kcnr")]
transform = Transform3D(0.0254113, 0, 1.14263, 0, 1.14291, 0, -1.14263, 0, 0.0254113, -41.906, -16.551, 24.1569)

[node name="Tree65" parent="Trees" instance=ExtResource("5_4kcnr")]
transform = Transform3D(-0.515188, 0, -0.857077, 0, 1, 0, 0.857077, 0, -0.515188, -43.1406, -15.6028, 10.9569)

[node name="Tree66" parent="Trees" instance=ExtResource("5_4kcnr")]
transform = Transform3D(-0.637334, 0, -1.06028, 0, 1.23709, 0, 1.06028, 0, -0.637334, -38.7663, -15.3486, 11.0297)

[node name="Tree67" parent="Trees" instance=ExtResource("5_4kcnr")]
transform = Transform3D(0.877777, 0, -0.855242, 0, 1.22553, 0, 0.855242, 0, 0.877777, -40.8952, -15.6725, 12.6328)

[node name="Tree68" parent="Trees" instance=ExtResource("5_4kcnr")]
transform = Transform3D(0.99874, 0, -0.0501921, 0, 1, 0, 0.0501921, 0, 0.99874, -38.7505, -15.7023, 14.0185)

[node name="Tree69" parent="Trees" instance=ExtResource("5_4kcnr")]
transform = Transform3D(1.15596, 0, -0.0580933, 0, 1.15742, 0, 0.0580933, 0, 1.15596, -37.7411, -16.0587, 18.1247)

[node name="Tree70" parent="Trees" instance=ExtResource("5_4kcnr")]
transform = Transform3D(0.165943, 0, 0.986135, 0, 1, 0, -0.986135, 0, 0.165943, -44.2103, -16.212, 17.2284)

[node name="Tree71" parent="Trees" instance=ExtResource("5_4kcnr")]
transform = Transform3D(0.145217, 0, 0.862972, 0, 0.875105, 0, -0.862972, 0, 0.145217, -44.7251, -16.6194, 21.95)

[node name="Tree72" parent="Trees" instance=ExtResource("5_4kcnr")]
transform = Transform3D(-1.00584, 0, -0.300007, 0, 1.04963, 0, 0.300007, 0, -1.00584, -42.0811, -16.5105, 21.9095)

[node name="Tree73" parent="Trees" instance=ExtResource("5_4kcnr")]
transform = Transform3D(0.657761, 0, 0.883259, 0, 1.10127, 0, -0.883259, 0, 0.657761, -40.3635, -16.1974, 18.5865)

[node name="Tree74" parent="Trees" instance=ExtResource("5_4kcnr")]
transform = Transform3D(0.0542833, 0, 1.45133, 0, 1.45234, 0, -1.45133, 0, 0.0542833, -43.7383, -15.9077, 14.022)

[node name="Tree75" parent="Trees" instance=ExtResource("5_4kcnr")]
transform = Transform3D(-0.248284, 0, 0.968687, 0, 1, 0, -0.968687, 0, -0.248284, -46.697, -16.2895, 17.1163)

[node name="Tree76" parent="Trees" instance=ExtResource("5_4kcnr")]
transform = Transform3D(1.02563, 0, 0.0191202, 0, 1.02581, 0, -0.0191202, 0, 1.02563, -43.9796, -16.4604, 20.1427)

[node name="Tree77" parent="Trees" instance=ExtResource("5_4kcnr")]
transform = Transform3D(-0.924858, 0, -0.380312, 0, 1, 0, 0.380312, 0, -0.924858, -39.5042, -13.449, -13.0823)

[node name="Tree78" parent="Trees" instance=ExtResource("5_4kcnr")]
transform = Transform3D(-0.920934, 0, 0.389719, 0, 1, 0, -0.389719, 0, -0.920934, -37.0584, -12.9349, -12.0666)

[node name="Tree79" parent="Trees" instance=ExtResource("5_4kcnr")]
transform = Transform3D(-0.689397, 0, 0.850727, 0, 1.09499, 0, -0.850727, 0, -0.689397, -39.6405, -13.6076, -9.22466)

[node name="Tree80" parent="Trees" instance=ExtResource("5_4kcnr")]
transform = Transform3D(-0.629592, 0, 0.776926, 0, 1, 0, -0.776926, 0, -0.629592, -43.3491, -14.1004, -13.6563)

[node name="Tree81" parent="Trees" instance=ExtResource("5_4kcnr")]
transform = Transform3D(0.0222337, 0, 0.999753, 0, 1, 0, -0.999753, 0, 0.0222337, -43.6727, -14.2785, -8.40671)

[node name="Tree82" parent="Trees" instance=ExtResource("5_4kcnr")]
transform = Transform3D(0.0222337, 0, 0.999753, 0, 1, 0, -0.999753, 0, 0.0222337, -36.9405, -13.1887, -6.65395)

[node name="Tree83" parent="Trees" instance=ExtResource("5_4kcnr")]
transform = Transform3D(0.0254113, 0, 1.14263, 0, 1.14291, 0, -1.14263, 0, 0.0254113, -39.4738, -13.7899, -3.92885)

[node name="Tree84" parent="Trees" instance=ExtResource("5_4kcnr")]
transform = Transform3D(-0.515188, 0, -0.857077, 0, 1, 0, 0.857077, 0, -0.515188, -40.7083, -13.7134, -17.1288)

[node name="Tree85" parent="Trees" instance=ExtResource("5_4kcnr")]
transform = Transform3D(-0.637334, 0, -1.06028, 0, 1.23709, 0, 1.06028, 0, -0.637334, -36.334, -12.8654, -17.056)

[node name="Tree86" parent="Trees" instance=ExtResource("5_4kcnr")]
transform = Transform3D(0.877777, 0, -0.855242, 0, 1.22553, 0, 0.855242, 0, 0.877777, -38.463, -13.1545, -15.4529)

[node name="Tree87" parent="Trees" instance=ExtResource("5_4kcnr")]
transform = Transform3D(0.99874, 0, -0.0501921, 0, 1, 0, 0.0501921, 0, 0.99874, -36.3182, -12.7219, -14.0672)

[node name="Tree88" parent="Trees" instance=ExtResource("5_4kcnr")]
transform = Transform3D(1.15596, 0, -0.0580933, 0, 1.15742, 0, 0.0580933, 0, 1.15596, -35.3088, -12.6666, -9.96098)

[node name="Tree89" parent="Trees" instance=ExtResource("5_4kcnr")]
transform = Transform3D(0.165943, 0, 0.986135, 0, 1, 0, -0.986135, 0, 0.165943, -41.778, -13.9633, -10.8573)

[node name="Tree90" parent="Trees" instance=ExtResource("5_4kcnr")]
transform = Transform3D(0.145217, 0, 0.862972, 0, 0.875105, 0, -0.862972, 0, 0.145217, -42.2929, -14.1497, -6.13566)

[node name="Tree91" parent="Trees" instance=ExtResource("5_4kcnr")]
transform = Transform3D(-1.00584, 0, -0.300007, 0, 1.04963, 0, 0.300007, 0, -1.00584, -39.6488, -13.6926, -6.17618)

[node name="Tree92" parent="Trees" instance=ExtResource("5_4kcnr")]
transform = Transform3D(0.657761, 0, 0.883259, 0, 1.10127, 0, -0.883259, 0, 0.657761, -37.9312, -13.2272, -9.4992)

[node name="Tree93" parent="Trees" instance=ExtResource("5_4kcnr")]
transform = Transform3D(0.0542833, 0, 1.45133, 0, 1.45234, 0, -1.45133, 0, 0.0542833, -41.306, -13.8197, -14.0637)

[node name="Tree94" parent="Trees" instance=ExtResource("5_4kcnr")]
transform = Transform3D(-0.248284, 0, 0.968687, 0, 1, 0, -0.968687, 0, -0.248284, -44.2647, -14.293, -10.9694)

[node name="Tree95" parent="Trees" instance=ExtResource("5_4kcnr")]
transform = Transform3D(1.02563, 0, 0.0191202, 0, 1.02581, 0, -0.0191202, 0, 1.02563, -41.5474, -14.0048, -7.94304)

[node name="Tree96" parent="Trees" instance=ExtResource("5_4kcnr")]
transform = Transform3D(-0.960221, 0, 0.279243, 0, 1, 0, -0.279243, 0, -0.960221, -49.6483, -14.7715, -15.6012)

[node name="Tree97" parent="Trees" instance=ExtResource("5_4kcnr")]
transform = Transform3D(-0.477082, 0, 0.878859, 0, 1, 0, -0.878859, 0, -0.477082, -48.3691, -14.7857, -13.2822)

[node name="Tree98" parent="Trees" instance=ExtResource("5_4kcnr")]
transform = Transform3D(-0.00863808, 0, 1.09496, 0, 1.09499, 0, -1.09496, 0, -0.00863808, -52.1598, -14.8505, -12.67)

[node name="Tree99" parent="Trees" instance=ExtResource("5_4kcnr")]
transform = Transform3D(-0.00788864, 0, 0.999969, 0, 1, 0, -0.999969, 0, -0.00788864, -52.2966, -14.6977, -18.4471)

[node name="Tree100" parent="Trees" instance=ExtResource("5_4kcnr")]
transform = Transform3D(0.640673, 0, 0.767814, 0, 1, 0, -0.767814, 0, 0.640673, -55.8224, -14.6295, -14.5443)

[node name="Tree101" parent="Trees" instance=ExtResource("5_4kcnr")]
transform = Transform3D(0.640673, 0, 0.767814, 0, 1, 0, -0.767814, 0, 0.640673, -51.6515, -15.0556, -8.97675)

[node name="Tree102" parent="Trees" instance=ExtResource("5_4kcnr")]
transform = Transform3D(0.732233, 0, 0.877545, 0, 1.14291, 0, -0.877545, 0, 0.732233, -55.3311, -14.926, -8.4254)

[node name="Tree103" parent="Trees" instance=ExtResource("5_4kcnr")]
transform = Transform3D(-0.937148, 0, -0.348932, 0, 1, 0, 0.348932, 0, -0.937148, -48.067, -14.691, -19.5157)

[node name="Tree104" parent="Trees" instance=ExtResource("5_4kcnr")]
transform = Transform3D(-1.15934, 0, -0.43166, 0, 1.23709, 0, 0.43166, 0, -1.15934, -44.6922, -14.2117, -16.7316)

[node name="Tree105" parent="Trees" instance=ExtResource("5_4kcnr")]
transform = Transform3D(0.153112, 0, -1.21593, 0, 1.22553, 0, 1.21593, 0, 0.153112, -47.3562, -14.5837, -16.8055)

[node name="Tree106" parent="Trees" instance=ExtResource("5_4kcnr")]
transform = Transform3D(0.749591, 0, -0.661901, 0, 1, 0, 0.661901, 0, 0.749591, -46.5432, -14.5137, -14.385)

[node name="Tree107" parent="Trees" instance=ExtResource("5_4kcnr")]
transform = Transform3D(0.867589, 0, -0.766095, 0, 1.15742, 0, 0.766095, 0, 0.867589, -48.314, -14.8278, -10.5451)

[node name="Tree108" parent="Trees" instance=ExtResource("5_4kcnr")]
transform = Transform3D(0.744545, 0, 0.667573, 0, 1, 0, -0.667573, 0, 0.744545, -52.8133, -14.6846, -15.2791)

[node name="Tree109" parent="Trees" instance=ExtResource("5_4kcnr")]
transform = Transform3D(0.651554, 0, 0.584196, 0, 0.875105, 0, -0.584196, 0, 0.651554, -56.1595, -14.7634, -11.9084)

[node name="Tree110" parent="Trees" instance=ExtResource("5_4kcnr")]
transform = Transform3D(-0.973473, 0, 0.392518, 0, 1.04963, 0, -0.392518, 0, -0.973473, -54.0669, -14.9217, -10.2917)

[node name="Tree111" parent="Trees" instance=ExtResource("5_4kcnr")]
transform = Transform3D(1.06494, 0, 0.280516, 0, 1.10127, 0, -0.280516, 0, 1.06494, -50.6523, -14.9408, -11.819)

[node name="Tree112" parent="Trees" instance=ExtResource("5_4kcnr")]
transform = Transform3D(0.947264, 0, 1.10091, 0, 1.45234, 0, -1.10091, 0, 0.947264, -50.4452, -14.7213, -17.4918)

[node name="Tree113" parent="Trees" instance=ExtResource("5_4kcnr")]
transform = Transform3D(0.409796, 0, 0.912177, 0, 1, 0, -0.912177, 0, 0.409796, -54.6876, -14.6452, -16.917)

[node name="Tree114" parent="Trees" instance=ExtResource("5_4kcnr")]
transform = Transform3D(0.81383, 0, -0.624473, 0, 1.02581, 0, 0.624473, 0, 0.81383, -54.4498, -14.7627, -12.8568)

[node name="Tree115" parent="Trees" instance=ExtResource("5_4kcnr")]
transform = Transform3D(-0.999216, 0, -0.0395912, 0, 1, 0, 0.0395912, 0, -0.999216, -59.3622, -14.6897, -0.650307)

[node name="Tree116" parent="Trees" instance=ExtResource("5_4kcnr")]
transform = Transform3D(-0.731104, 0, 0.682266, 0, 1, 0, -0.682266, 0, -0.731104, -57.4138, -14.8988, 1.1435)

[node name="Tree117" parent="Trees" instance=ExtResource("5_4kcnr")]
transform = Transform3D(-0.355337, 0, 1.03573, 0, 1.09499, 0, -1.03573, 0, -0.355337, -60.8148, -14.4816, 2.92596)

[node name="Tree118" parent="Trees" instance=ExtResource("5_4kcnr")]
transform = Transform3D(-0.324512, 0, 0.945882, 0, 1, 0, -0.945882, 0, -0.324512, -62.7761, -14.3116, -2.50972)

[node name="Tree119" parent="Trees" instance=ExtResource("5_4kcnr")]
transform = Transform3D(0.364194, 0, 0.931323, 0, 1, 0, -0.931323, 0, 0.364194, -64.8827, -13.995, 2.30954)

[node name="Tree120" parent="Trees" instance=ExtResource("5_4kcnr")]
transform = Transform3D(0.364194, 0, 0.931323, 0, 1, 0, -0.931323, 0, 0.364194, -59.1618, -14.6885, 6.26751)

[node name="Tree121" parent="Trees" instance=ExtResource("5_4kcnr")]
transform = Transform3D(0.416242, 0, 1.06442, 0, 1.14291, 0, -1.06442, 0, 0.416242, -62.4768, -14.3188, 7.957)

[node name="Tree122" parent="Trees" instance=ExtResource("5_4kcnr")]
transform = Transform3D(-0.778177, 0, -0.628045, 0, 1, 0, 0.628045, 0, -0.778177, -59.1035, -14.7204, -4.86418)

[node name="Tree123" parent="Trees" instance=ExtResource("5_4kcnr")]
transform = Transform3D(-0.962676, 0, -0.776948, 0, 1.23709, 0, 0.776948, 0, -0.962676, -55.0201, -15.0287, -3.29368)

[node name="Tree124" parent="Trees" instance=ExtResource("5_4kcnr")]
transform = Transform3D(0.530712, 0, -1.10466, 0, 1.22553, 0, 1.10466, 0, 0.530712, -57.5702, -14.8809, -2.51916)

[node name="Tree125" parent="Trees" instance=ExtResource("5_4kcnr")]
transform = Transform3D(0.920771, 0, -0.390104, 0, 1, 0, 0.390104, 0, 0.920771, -56.0317, -15.0069, -0.481234)

[node name="Tree126" parent="Trees" instance=ExtResource("5_4kcnr")]
transform = Transform3D(1.06571, 0, -0.451513, 0, 1.15742, 0, 0.451513, 0, 1.06571, -56.4937, -14.9909, 3.7219)

[node name="Tree127" parent="Trees" instance=ExtResource("5_4kcnr")]
transform = Transform3D(0.494488, 0, 0.869184, 0, 1, 0, -0.869184, 0, 0.494488, -62.2618, -14.3506, 0.658614)

[node name="Tree128" parent="Trees" instance=ExtResource("5_4kcnr")]
transform = Transform3D(0.432729, 0, 0.760627, 0, 0.875105, 0, -0.760627, 0, 0.432729, -64.3667, -14.0027, 4.9163)

[node name="Tree129" parent="Trees" instance=ExtResource("5_4kcnr")]
transform = Transform3D(-1.0477, 0, 0.0636393, 0, 1.04963, 0, -0.0636393, 0, -1.0477, -61.8695, -14.3111, 5.7862)

[node name="Tree130" parent="Trees" instance=ExtResource("5_4kcnr")]
transform = Transform3D(0.921072, 0, 0.603675, 0, 1.10127, 0, -0.603675, 0, 0.921072, -59.1152, -14.6776, 3.25507)

[node name="Tree131" parent="Trees" instance=ExtResource("5_4kcnr")]
transform = Transform3D(0.549365, 0, 1.34443, 0, 1.45234, 0, -1.34443, 0, 0.549365, -60.7174, -14.5292, -2.19075)

[node name="Tree132" parent="Trees" instance=ExtResource("5_4kcnr")]
transform = Transform3D(0.0994587, 0, 0.995042, 0, 1, 0, -0.995042, 0, 0.0994587, -64.5587, -14.092, -0.300582)

[node name="Tree133" parent="Trees" instance=ExtResource("5_4kcnr")]
transform = Transform3D(0.969829, 0, -0.334242, 0, 1.02581, 0, 0.334242, 0, 0.969829, -63.0459, -14.196, 3.47483)

[node name="Tree134" parent="Trees" instance=ExtResource("5_4kcnr")]
transform = Transform3D(0.963523, 0, -0.267625, 0, 1, 0, 0.267625, 0, 0.963523, -62.4463, -14.8113, 15.5622)

[node name="Tree135" parent="Trees" instance=ExtResource("5_4kcnr")]
transform = Transform3D(0.487661, 0, -0.873033, 0, 1, 0, 0.873033, 0, 0.487661, -63.7533, -14.4048, 13.2589)

[node name="Tree136" parent="Trees" instance=ExtResource("5_4kcnr")]
transform = Transform3D(0.0218616, 0, -1.09477, 0, 1.09499, 0, 1.09477, 0, 0.0218616, -59.9703, -14.9998, 12.6009)

[node name="Tree137" parent="Trees" instance=ExtResource("5_4kcnr")]
transform = Transform3D(0.0199651, 0, -0.999801, 0, 1, 0, 0.999801, 0, 0.0199651, -59.7637, -15.5078, 18.3759)

[node name="Tree138" parent="Trees" instance=ExtResource("5_4kcnr")]
transform = Transform3D(-0.631353, 0, -0.775496, 0, 1, 0, 0.775496, 0, -0.631353, -56.2854, -15.7841, 14.4308)

[node name="Tree139" parent="Trees" instance=ExtResource("5_4kcnr")]
transform = Transform3D(-0.631353, 0, -0.775496, 0, 1, 0, 0.775496, 0, -0.631353, -60.5232, -14.6372, 8.91407)

[node name="Tree140" parent="Trees" instance=ExtResource("5_4kcnr")]
transform = Transform3D(-0.721581, 0, -0.886324, 0, 1.14291, 0, 0.886324, 0, -0.721581, -56.8505, -15.1881, 8.31833)

[node name="Tree141" parent="Trees" instance=ExtResource("5_4kcnr")]
transform = Transform3D(0.932866, 0, 0.360225, 0, 1, 0, -0.360225, 0, 0.932866, -63.9802, -14.7934, 19.4955)

[node name="Tree142" parent="Trees" instance=ExtResource("5_4kcnr")]
transform = Transform3D(1.15404, 0, 0.445631, 0, 1.23709, 0, -0.445631, 0, 1.15404, -67.3883, -14.0633, 16.7524)

[node name="Tree143" parent="Trees" instance=ExtResource("5_4kcnr")]
transform = Transform3D(-0.167786, 0, 1.21399, 0, 1.22553, 0, -1.21399, 0, -0.167786, -64.7236, -14.5086, 16.7941)

[node name="Tree144" parent="Trees" instance=ExtResource("5_4kcnr")]
transform = Transform3D(-0.757531, 0, 0.652799, 0, 1, 0, -0.652799, 0, -0.757531, -65.5658, -14.2115, 14.3836)

[node name="Tree145" parent="Trees" instance=ExtResource("5_4kcnr")]
transform = Transform3D(-0.876778, 0, 0.755561, 0, 1.15742, 0, -0.755561, 0, -0.876778, -63.8415, -14.2638, 10.5227)

[node name="Tree146" parent="Trees" instance=ExtResource("5_4kcnr")]
transform = Transform3D(-0.736428, 0, -0.676516, 0, 1, 0, 0.676516, 0, -0.736428, -59.2854, -15.3367, 15.2019)

[node name="Tree147" parent="Trees" instance=ExtResource("5_4kcnr")]
transform = Transform3D(-0.644451, 0, -0.592023, 0, 0.875105, 0, 0.592023, 0, -0.644451, -55.9802, -15.6209, 11.7911)

[node name="Tree148" parent="Trees" instance=ExtResource("5_4kcnr")]
transform = Transform3D(0.978143, 0, -0.380733, 0, 1.04963, 0, 0.380733, 0, 0.978143, -58.0921, -15.1146, 10.1997)

[node name="Tree149" parent="Trees" instance=ExtResource("5_4kcnr")]
transform = Transform3D(-1.06148, 0, -0.293357, 0, 1.10127, 0, 0.293357, 0, -1.06148, -61.488, -14.6829, 11.7682)

[node name="Tree150" parent="Trees" instance=ExtResource("5_4kcnr")]
transform = Transform3D(-0.933899, 0, -1.11227, 0, 1.45234, 0, 1.11227, 0, -0.933899, -61.6266, -15.1209, 17.4431)

[node name="Tree151" parent="Trees" instance=ExtResource("5_4kcnr")]
transform = Transform3D(-0.398749, 0, -0.91706, 0, 1, 0, 0.91706, 0, -0.398749, -57.3914, -15.7886, 16.8171)

[node name="Tree152" parent="Trees" instance=ExtResource("5_4kcnr")]
transform = Transform3D(-0.821312, 0, 0.614599, 0, 1.02581, 0, -0.614599, 0, -0.821312, -57.6783, -15.4112, 12.76)

[node name="Tree153" parent="Trees" instance=ExtResource("5_4kcnr")]
transform = Transform3D(-0.799915, 0, -0.600113, 0, 1, 0, 0.600113, 0, -0.799915, -32.5438, -14.9891, 12.3013)

[node name="Tree154" parent="Trees" instance=ExtResource("5_4kcnr")]
transform = Transform3D(-0.989242, 0, 0.14629, 0, 1, 0, -0.14629, 0, -0.989242, -29.9214, -14.7196, 12.6711)

[node name="Tree155" parent="Trees" instance=ExtResource("5_4kcnr")]
transform = Transform3D(-0.880727, 0, 0.650634, 0, 1.09499, 0, -0.650634, 0, -0.880727, -31.7082, -15.3416, 16.0699)

[node name="Tree156" parent="Trees" instance=ExtResource("5_4kcnr")]
transform = Transform3D(-0.804324, 0, 0.594191, 0, 1, 0, -0.594191, 0, -0.804324, -36.4098, -15.3973, 12.71)

[node name="Tree157" parent="Trees" instance=ExtResource("5_4kcnr")]
transform = Transform3D(-0.229217, 0, 0.973375, 0, 1, 0, -0.973375, 0, -0.229217, -35.4064, -15.9311, 17.8729)

[node name="Tree158" parent="Trees" instance=ExtResource("5_4kcnr")]
transform = Transform3D(-0.229217, 0, 0.973375, 0, 1, 0, -0.973375, 0, -0.229217, -28.4498, -15.1263, 17.8813)

[node name="Tree159" parent="Trees" instance=ExtResource("5_4kcnr")]
transform = Transform3D(-0.261975, 0, 1.11248, 0, 1.14291, 0, -1.11248, 0, -0.261975, -30.2186, -15.4319, 21.1546)

[node name="Tree160" parent="Trees" instance=ExtResource("5_4kcnr")]
transform = Transform3D(-0.283764, 0, -0.958894, 0, 1, 0, 0.958894, 0, -0.283764, -34.7243, -14.7915, 8.6862)

[node name="Tree161" parent="Trees" instance=ExtResource("5_4kcnr")]
transform = Transform3D(-0.351043, 0, -1.18624, 0, 1.23709, 0, 1.18624, 0, -0.351043, -30.4715, -13.9312, 7.65958)

[node name="Tree162" parent="Trees" instance=ExtResource("5_4kcnr")]
transform = Transform3D(1.06422, 0, -0.607758, 0, 1.22553, 0, 0.607758, 0, 1.06422, -32.1304, -14.5485, 9.74539)

[node name="Tree163" parent="Trees" instance=ExtResource("5_4kcnr")]
transform = Transform3D(0.979406, 0, 0.201899, 0, 1, 0, -0.201899, 0, 0.979406, -29.7067, -14.3159, 10.5489)

[node name="Tree164" parent="Trees" instance=ExtResource("5_4kcnr")]
transform = Transform3D(1.13358, 0, 0.23368, 0, 1.15742, 0, -0.23368, 0, 1.13358, -27.6997, -14.658, 14.2707)

[node name="Tree165" parent="Trees" instance=ExtResource("5_4kcnr")]
transform = Transform3D(-0.0866863, 0, 0.996236, 0, 1, 0, -0.996236, 0, -0.0866863, -34.1869, -15.4965, 15.0255)

[node name="Tree166" parent="Trees" instance=ExtResource("5_4kcnr")]
transform = Transform3D(-0.0758597, 0, 0.87181, 0, 0.875105, 0, -0.87181, 0, -0.0758597, -33.5011, -15.9263, 19.7254)

[node name="Tree167" parent="Trees" instance=ExtResource("5_4kcnr")]
transform = Transform3D(-0.89845, 0, -0.542686, 0, 1.04963, 0, 0.542686, 0, -0.89845, -30.9517, -15.5371, 19.023)

[node name="Tree168" parent="Trees" instance=ExtResource("5_4kcnr")]
transform = Transform3D(0.415215, 0, 1.02, 0, 1.10127, 0, -1.02, 0, 0.415215, -30.1225, -15.0939, 15.3754)

[node name="Tree169" parent="Trees" instance=ExtResource("5_4kcnr")]
transform = Transform3D(-0.311449, 0, 1.41856, 0, 1.45234, 0, -1.41856, 0, -0.311449, -34.5342, -15.1633, 11.8032)

[node name="Tree170" parent="Trees" instance=ExtResource("5_4kcnr")]
transform = Transform3D(-0.483298, 0, 0.875456, 0, 1, 0, -0.875456, 0, -0.483298, -36.6222, -15.7416, 15.5407)

[node name="Tree171" parent="Trees" instance=ExtResource("5_4kcnr")]
transform = Transform3D(0.988055, 0, 0.27574, 0, 1.02581, 0, -0.27574, 0, 0.988055, -33.2327, -15.7079, 17.7888)

[node name="Tree172" parent="Trees" instance=ExtResource("5_4kcnr")]
transform = Transform3D(-0.566047, 0, 0.824373, 0, 1, 0, -0.824373, 0, -0.566047, -52.039, -16.8806, 21.6497)

[node name="Tree173" parent="Trees" instance=ExtResource("5_4kcnr")]
transform = Transform3D(0.187639, 0, 0.982238, 0, 1, 0, -0.982238, 0, 0.187639, -52.5184, -16.9979, 24.2544)

[node name="Tree174" parent="Trees" instance=ExtResource("5_4kcnr")]
transform = Transform3D(0.686989, 0, 0.852673, 0, 1.09499, 0, -0.852673, 0, 0.686989, -55.8392, -16.4104, 22.3266)

[node name="Tree175" parent="Trees" instance=ExtResource("5_4kcnr")]
transform = Transform3D(0.627393, 0, 0.778703, 0, 1, 0, -0.778703, 0, 0.627393, -52.2852, -16.5163, 17.77)

[node name="Tree176" parent="Trees" instance=ExtResource("5_4kcnr")]
transform = Transform3D(0.98213, 0, 0.188204, 0, 1, 0, -0.188204, 0, 0.98213, -57.4856, -15.9014, 18.5561)

[node name="Tree177" parent="Trees" instance=ExtResource("5_4kcnr")]
transform = Transform3D(0.98213, 0, 0.188204, 0, 1, 0, -0.188204, 0, 0.98213, -57.7856, -16.2445, 25.5062)

[node name="Tree178" parent="Trees" instance=ExtResource("5_4kcnr")]
transform = Transform3D(1.12249, 0, 0.215101, 0, 1.14291, 0, -0.215101, 0, 1.12249, -60.9819, -15.5653, 23.6017)

[node name="Tree179" parent="Trees" instance=ExtResource("5_4kcnr")]
transform = Transform3D(-0.946153, 0, 0.323719, 0, 1, 0, -0.323719, 0, -0.946153, -48.3356, -16.5695, 19.6228)

[node name="Tree180" parent="Trees" instance=ExtResource("5_4kcnr")]
transform = Transform3D(-1.17048, 0, 0.40047, 0, 1.23709, 0, -0.40047, 0, -1.17048, -47.4882, -16.8393, 23.9149)

[node name="Tree181" parent="Trees" instance=ExtResource("5_4kcnr")]
transform = Transform3D(-0.651845, 0, -1.0378, 0, 1.22553, 0, 1.0378, 0, -0.651845, -49.5026, -16.807, 22.17)

[node name="Tree182" parent="Trees" instance=ExtResource("5_4kcnr")]
transform = Transform3D(0.160656, 0, -0.98701, 0, 1, 0, 0.98701, 0, 0.160656, -50.407, -16.9862, 24.5579)

[node name="Tree183" parent="Trees" instance=ExtResource("5_4kcnr")]
transform = Transform3D(0.185946, 0, -1.14238, 0, 1.15742, 0, 1.14238, 0, 0.185946, -54.2097, -16.8525, 26.4071)

[node name="Tree184" parent="Trees" instance=ExtResource("5_4kcnr")]
transform = Transform3D(0.998994, 0, 0.0448399, 0, 1, 0, -0.0448399, 0, 0.998994, -54.6919, -16.487, 19.8939)

[node name="Tree185" parent="Trees" instance=ExtResource("5_4kcnr")]
transform = Transform3D(0.874224, 0, 0.0392397, 0, 0.875105, 0, -0.0392397, 0, 0.874224, -59.4163, -15.6524, 20.382)

[node name="Tree186" parent="Trees" instance=ExtResource("5_4kcnr")]
transform = Transform3D(-0.504539, 0, 0.920414, 0, 1.04963, 0, -0.920414, 0, -0.504539, -58.8215, -15.9219, 22.9586)

[node name="Tree187" parent="Trees" instance=ExtResource("5_4kcnr")]
transform = Transform3D(1.00169, 0, -0.457616, 0, 1.10127, 0, 0.457616, 0, 1.00169, -55.2118, -16.6048, 23.9401)

[node name="Tree188" parent="Trees" instance=ExtResource("5_4kcnr")]
transform = Transform3D(1.43037, 0, 0.251698, 0, 1.45234, 0, -0.251698, 0, 1.43037, -51.4578, -16.681, 19.682)

[node name="Tree189" parent="Trees" instance=ExtResource("5_4kcnr")]
transform = Transform3D(0.89495, 0, 0.446166, 0, 1, 0, -0.446166, 0, 0.89495, -55.1045, -16.2167, 17.4391)

[node name="Tree190" parent="Trees" instance=ExtResource("5_4kcnr")]
transform = Transform3D(0.23407, 0, -0.998747, 0, 1.02581, 0, 0.998747, 0, 0.23407, -57.4927, -16.0398, 20.7314)

[node name="Tree191" parent="Trees" instance=ExtResource("5_4kcnr")]
transform = Transform3D(-0.504211, 0, 0.863581, 0, 1, 0, -0.863581, 0, -0.504211, -61.8942, -14.4124, -9.59152)

[node name="Tree192" parent="Trees" instance=ExtResource("5_4kcnr")]
transform = Transform3D(0.259005, 0, 0.965876, 0, 1, 0, -0.965876, 0, 0.259005, -62.5629, -14.3341, -7.02897)

[node name="Tree193" parent="Trees" instance=ExtResource("5_4kcnr")]
transform = Transform3D(0.747537, 0, 0.800122, 0, 1.09499, 0, -0.800122, 0, 0.747537, -65.7338, -14.0461, -9.19452)

[node name="Tree194" parent="Trees" instance=ExtResource("5_4kcnr")]
transform = Transform3D(0.682688, 0, 0.730711, 0, 1, 0, -0.730711, 0, 0.682688, -61.8559, -14.4561, -13.4788)

[node name="Tree195" parent="Trees" instance=ExtResource("5_4kcnr")]
transform = Transform3D(0.993268, 0, 0.115839, 0, 1, 0, -0.115839, 0, 0.993268, -67.0999, -14.1665, -13.0754)

[node name="Tree196" parent="Trees" instance=ExtResource("5_4kcnr")]
transform = Transform3D(0.993268, 0, 0.115839, 0, 1, 0, -0.115839, 0, 0.993268, -67.9076, -13.7887, -6.16587)

[node name="Tree197" parent="Trees" instance=ExtResource("5_4kcnr")]
transform = Transform3D(1.13522, 0, 0.132393, 0, 1.14291, 0, -0.132393, 0, 1.13522, -70.956, -13.7067, -8.29913)

[node name="Tree198" parent="Trees" instance=ExtResource("5_4kcnr")]
transform = Transform3D(-0.919931, 0, 0.39208, 0, 1, 0, -0.39208, 0, -0.919931, -58.0524, -14.7257, -11.3421)

[node name="Tree199" parent="Trees" instance=ExtResource("5_4kcnr")]
transform = Transform3D(-1.13804, 0, 0.485039, 0, 1.23709, 0, -0.485039, 0, -1.13804, -57.5213, -14.8232, -6.99951)

[node name="Tree200" parent="Trees" instance=ExtResource("5_4kcnr")]
transform = Transform3D(-0.726032, 0, -0.987325, 0, 1.22553, 0, 0.987325, 0, -0.726032, -59.4027, -14.6825, -8.88709)

[node name="Tree201" parent="Trees" instance=ExtResource("5_4kcnr")]
transform = Transform3D(0.0880077, 0, -0.99612, 0, 1, 0, 0.99612, 0, 0.0880077, -60.4794, -14.5676, -6.57177)

[node name="Tree202" parent="Trees" instance=ExtResource("5_4kcnr")]
transform = Transform3D(0.101861, 0, -1.15293, 0, 1.15742, 0, 1.15293, 0, 0.101861, -64.4072, -14.137, -5.00579)

[node name="Tree203" parent="Trees" instance=ExtResource("5_4kcnr")]
transform = Transform3D(0.999597, 0, -0.0283752, 0, 1, 0, 0.0283752, 0, 0.999597, -64.4115, -14.2314, -11.5368)

[node name="Tree204" parent="Trees" instance=ExtResource("5_4kcnr")]
transform = Transform3D(0.874752, 0, -0.0248312, 0, 0.875105, 0, 0.0248312, 0, 0.874752, -69.159, -13.9727, -11.3956)

[node name="Tree205" parent="Trees" instance=ExtResource("5_4kcnr")]
